0 90 65 40 37 24 58 30 0
0 9 46 1 48 79 95 87 19 10 49 92 20 88 0
0 0 56 59 25 16 55 67 81 45 97 85 82 51 77 63 54 0
0 12 89 71 66 78 62 28 15 23 8 26 3 33 39 35 34 0
0 68 22 17 29 74 0
0 44 7 64 86 6 96 60 84 27 47 53 31 73 75 38 18 0
0 94 5 69 13 4 14 61 52 41 57 80 83 93 76 2 0
0 91 36 11 21 43 72 42 50 70 32 0
0 7 62 2 23 10 77 63 66 12 89 71 0
0 56 53 31 47 85 45 37 40 65 90 0
0 96 6 78 34 35 70 33 50 4 26 8 43 9 0
0 20 68 58 24 22 36 91 11 18 0 0
0 44 5 92 14 57 41 52 67 46 69 64 94 0
0 49 32 3 13 61 81 21 28 76 15 19 39 60 86 0
0 88 54 97 38 75 73 27 82 51 84 0
0 93 59 55 16 25 42 87 1 80 83 48 79 95 72 0
0 74 30 17 29 0
0 7 71 89 12 66 64 94 0
0 49 43 59 25 55 16 57 14 61 27 82 47 31 53 73 0
0 8 26 87 42 21 4 13 70 54 5 0
0 38 75 56 45 97 84 85 51 63 77 50 3 32 92 69 0
0 33 10 23 2 28 76 15 19 62 78 86 0
0 9 46 72 95 79 48 93 83 1 80 41 52 67 81 0
0 90 91 36 44 60 39 35 34 6 96 0
0 88 20 17 30 24 58 68 37 40 65 22 74 29 11 18 0
0 22 40 68 37 58 24 30 17 0
0 56 75 31 47 53 73 38 33 10 15 76 8 3 32 7 0
0 74 29 11 18 81 61 14 67 52 41 57 16 55 83 79 95 48 93 80 72 5 0
0 20 65 90 91 36 44 88 71 12 89 64 0
0 9 46 13 4 21 43 42 1 59 25 87 26 23 19 78 6 96 86 66 94 0
0 92 49 70 63 77 50 28 2 62 34 35 39 60 69 0
0 45 27 82 85 84 51 97 54 0
0 78 34 96 6 86 22 68 37 40 24 58 30 17 74 0
0 60 39 19 62 35 49 53 31 47 73 75 0
0 54 70 33 10 15 23 50 77 0
0 0 11 92 81 14 61 4 21 87 8 26 27 82 85 84 97 0
0 63 51 32 38 56 18 29 90 65 44 0
0 71 89 12 66 9 13 41 52 67 25 59 1 80 72 43 46 0
0 88 20 7 5 45 69 64 94 36 91 0
0 55 16 57 83 93 95 28 2 76 79 48 42 3 0
0 64 94 10 15 23 26 46 77 63 51 53 73 38 0
0 78 62 34 0
0 56 97 45 84 27 85 75 31 47 82 61 14 52 0
0 5 32 41 57 80 48 79 93 83 95 9 0
0 60 39 35 19 87 42 8 28 76 2 54 0
0 71 89 12 66 6 96 86 0
0 44 20 11 18 92 21 43 72 4 50 70 3 33 49 69 0
0 17 30 24 37 68 58 40 1 25 59 55 16 67 81 13 0
0 0 74 29 36 91 22 65 88 90 7 0
